Genes     kTotal  kWithin      kOut      kDiff
AT5G15750 152.8599 38.10459 114.75528  -76.65069
AT1G26880 152.3671 37.40164 114.96550  -77.56386
AT3G18740 138.2760 36.48398 101.79205  -65.30807
AT2G44860 146.4589 36.08414 110.37480  -74.29066
AT1G70600 105.2941 34.64317  70.65090  -36.00773
AT3G23620 126.2987 34.06373  92.23496  -58.17123
AT4G17550 148.3874 33.86192 114.52552  -80.66361
AT2G19540 154.6403 33.59807 121.04218  -87.44411
AT1G34030 145.7777 33.01496 112.76277  -79.74782
AT3G59540 118.1923 32.29221  85.90004  -53.60783
AT3G61110 130.5265 31.90006  98.62643  -66.72637
AT3G16080 109.5240 31.24547  78.27854  -47.03308
AT5G40530 151.1596 30.72434 120.43526  -89.71091
AT5G43970 107.5811 30.70774  76.87331  -46.16557
AT2G45710 169.3110 30.61803 138.69294 -108.07491
