Genes     kTotal  kWithin     kOut      kDiff
AT1G70370 315.6577 144.1864 171.4713  -27.28486
AT3G10080 304.1543 137.0832 167.0711  -29.98786
AT3G17840 291.5364 135.3320 156.2044  -20.87246
AT5G55480 283.0781 134.5964 148.4817  -13.88537
AT1G77690 323.0079 134.5809 188.4270  -53.84609
AT1G09750 308.8632 132.9265 175.9367  -43.01018
AT4G13930 308.9570 130.3291 178.6279  -48.29885
AT5G60690 305.7652 130.0908 175.6743  -45.58354
AT4G34220 379.3807 130.0556 249.3250 -119.26937
AT3G56480 336.2148 128.2239 207.9909  -79.76693
AT4G32880 324.5386 127.9409 196.5977  -68.65676
AT3G07010 287.4238 127.1703 160.2535  -33.08317
AT4G32710 331.2260 126.7439 204.4821  -77.73824
AT2G38090 264.2160 125.1589 139.0572  -13.89827
AT3G14930 394.8444 124.5560 270.2884 -145.73241
