Genes     kTotal  kWithin      kOut      kDiff
AT1G73680 238.3466 62.59833 175.74830 -113.14997
AT5G42850 169.4419 61.97845 107.46343  -45.48498
AT3G10860 225.1506 61.79466 163.35594 -101.56128
AT1G79160 208.9908 61.24337 147.74745  -86.50408
AT4G05590 279.5932 60.91111 218.68205 -157.77093
AT5G63905 205.7259 60.52670 145.19917  -84.67247
AT3G62400 174.2603 60.42311 113.83715  -53.41405
AT5G51620 250.0015 59.54420 190.45730 -130.91310
AT4G21105 162.8918 59.19411 103.69767  -44.50356
AT4G35030 234.0355 59.00407 175.03146 -116.02738
AT3G04110 254.5394 58.92815 195.61125 -136.68310
AT3G59210 203.8048 58.69644 145.10841  -86.41196
AT2G21180 211.0286 56.47697 154.55163  -98.07466
AT3G23410 194.5776 56.38876 138.18882  -81.80007
AT2G33480 152.8117 56.18624  96.62549  -40.43925
