Genes      kTotal  kWithin     kOut       kDiff
AT1G75630 154.4751 76.16598 78.30912  -2.1431377
AT3G23490 151.7363 75.71863 76.01765  -0.2990176
AT5G57815 139.9062 73.16773 66.73851   6.4292138
AT1G56600 166.9299 72.90133 94.02853 -21.1271958
AT3G12587 128.0705 72.43689 55.63358  16.8033047
AT3G57062 149.8622 70.80076 79.06145  -8.2606890
AT2G26030 142.7823 70.16444 72.61791  -2.4534679
AT4G15540 145.9719 69.13007 76.84183  -7.7117624
AT1G36980 160.3185 68.86466 91.45380 -22.5891428
AT4G34680 136.5594 67.17944 69.38001  -2.2005753
AT2G30000 142.9397 65.26689 77.67282 -12.4059328
AT5G64816 125.7472 64.46227 61.28497   3.1772960
AT3G10090 134.4485 64.06818 70.38034  -6.3121645
AT3G54830 149.9240 63.38346 86.54055 -23.1570888
AT4G09760 109.9364 63.38310 46.55332  16.8297760
