Genes     kTotal   kWithin     kOut      kDiff
AT5G11560 344.1265 115.21596 228.9106 -113.69460
AT1G04810 311.0998 113.22626 197.8735  -84.64725
AT4G34450 371.5294 111.59300 259.9364 -148.34337
AT3G33530 349.9017 109.77605 240.1256 -130.34954
AT3G51640 303.4958 107.40564 196.0902  -88.68455
AT1G16610 336.9686 106.09597 230.8726 -124.77664
AT5G24710 328.1901 104.25959 223.9305 -119.67088
AT5G11490 351.6515 103.48398 248.1675 -144.68352
AT2G32730 303.7162 102.25256 201.4636  -99.21107
AT1G53440 321.7474 101.30947 220.4379 -119.12846
AT5G50370 354.6669 100.54233 254.1246 -153.58226
AT2G07360 314.1045 100.34113 213.7633 -113.42219
AT2G14835 302.9482 100.15614 202.7921 -102.63597
AT1G10390 323.4750  98.55193 224.9230 -126.37109
AT3G21215 310.5597  98.30140 212.2583 -113.95687
