Gene       kTotal  kWithin     kOut    kDiff
AT5G07030 356.2077 284.1806 72.02715 212.1534
AT2G28790 343.8178 277.7503 66.06753 211.6827
AT5G45670 342.4488 277.5748 64.87404 212.7008
AT1G13670 340.6261 275.9427 64.68346 211.2592
AT1G23170 342.2253 274.0678 68.15745 205.9103
AT2G42800 337.0367 271.7011 65.33556 206.3655
AT5G55820 339.6670 269.1725 70.49452 198.6780
AT5G07660 346.2075 268.5890 77.61850 190.9705
AT4G05190 330.5734 267.3492 63.22417 204.1250
AT4G02290 330.4146 267.0123 63.40231 203.6100
AT1G25510 332.3974 266.2376 66.15979 200.0778
AT1G28290 346.6999 265.7630 80.93690 184.8261
AT2G36570 351.6274 265.3525 86.27482 179.0777
AT3G16450 330.9632 263.6096 67.35357 196.2560
AT1G31710 328.7361 262.4418 66.29432 196.1474
