Genes     kTotal  kWithin     kOut     kDiff
AT5G54830 652.7518 84.89023 567.8616 -482.9713
AT2G15042 676.9616 84.24423 592.7174 -508.4732
AT5G65240 621.9069 83.87223 538.0347 -454.1624
AT1G33390 601.9161 81.40927 520.5068 -439.0975
AT1G63860 510.6626 79.63650 431.0261 -351.3896
AT4G16960 650.3216 78.51613 571.8054 -493.2893
AT1G23840 576.5187 78.22089 498.2978 -420.0769
AT1G66180 420.3827 77.93100 342.4517 -264.5207
AT1G70320 457.0677 77.34893 379.7187 -302.3698
AT1G67330 589.0991 76.92388 512.1752 -435.2513
AT2G40950 533.8483 76.82479 457.0236 -380.1988
AT5G02310 640.3952 76.76044 563.6348 -486.8743
AT5G48485 673.2455 76.46544 596.7800 -520.3146
AT5G67630 465.7629 76.36576 389.3971 -313.0314
AT5G52240 608.8011 75.92483 532.8763 -456.9514
