Genes     kTotal  kWithin     kOut       kDiff
AT4G36690 378.6679 173.7578 204.9101  -31.152271
AT1G80530 435.5852 162.3177 273.2675 -110.949764
AT1G33990 364.9814 161.1935 203.7879  -42.594399
AT3G20290 392.7221 156.3050 236.4171  -80.112105
AT3G50830 305.1245 155.3689 149.7556    5.613311
AT1G07080 358.7535 154.6164 204.1371  -49.520736
AT3G26380 382.7386 154.3201 228.4185  -74.098416
AT4G40060 337.5900 152.7272 184.8629  -32.135728
AT3G16110 395.5618 152.5786 242.9832  -90.404618
AT2G23940 299.2801 152.3149 146.9652    5.349649
AT4G12020 306.9343 152.0123 154.9220   -2.909711
AT3G29390 359.0619 151.4079 207.6540  -56.246066
AT1G74680 345.8621 143.5498 202.3123  -58.762498
AT1G31600 298.7090 141.9194 156.7897  -14.870298
AT5G11600 312.9159 141.8777 171.0382  -29.160432
