Genes     kTotal  kWithin      kOut     kDiff
AT1G06720 297.8789 180.5678 117.31117 63.256594
AT1G80270 295.3564 177.1782 118.17823 58.999929
AT1G69070 285.6129 176.0906 109.52225 66.568380
AT2G40360 270.8559 175.5809  95.27496 80.305939
AT5G61020 266.4240 170.7891  95.63494 75.154134
AT1G49540 271.0221 166.1469 104.87527 61.271601
AT3G01160 288.4232 165.9082 122.51504 43.393124
AT1G52980 327.5274 165.8900 161.63748  4.252477
AT4G24270 322.5360 165.5570 156.97898  8.578034
AT5G09840 264.4459 164.6127  99.83321 64.779483
AT4G26600 277.0009 164.5477 112.45324 52.094424
AT2G34357 266.6422 163.8574 102.78472 61.072725
AT5G26180 281.3847 163.7460 117.63864 46.107385
AT5G16750 277.6132 163.7111 113.90212 49.808936
AT5G64420 252.1273 162.1250  90.00229 72.122704
