Genes     kTotal  kWithin     kOut     kDiff
AT3G15920 369.2662 73.40764 295.8586 -222.4509
AT2G21410 343.4545 73.23637 270.2181 -196.9817
AT3G51310 334.5007 72.33082 262.1699 -189.8391
AT4G37820 326.0462 70.77850 255.2676 -184.4891
AT5G27970 375.9250 69.33344 306.5916 -237.2581
AT5G23570 339.9043 68.85117 271.0531 -202.2020
AT3G54010 330.9450 68.83817 262.1068 -193.2687
AT5G05080 378.1796 67.60746 310.5721 -242.9646
AT1G61310 330.2139 67.45746 262.7565 -195.2990
AT4G29680 314.3654 66.53907 247.8264 -181.2873
AT1G78240 342.8919 66.14742 276.7444 -210.5970
AT2G35920 338.9770 65.95607 273.0209 -207.0648
AT2G28840 281.7656 65.10517 216.6604 -151.5552
AT1G67490 292.1141 65.01355 227.1005 -162.0870
AT3G13160 324.6477 64.95419 259.6935 -194.7393
